#1=α 2=αD 3=σ 4=dq 5=qh 6=dp 7=dph 8=pd 9=dpdh 10=m 11=mh 
30.0 0.008174009999999999 sign 0.00038295190336717943 144700.62382024774 0.003718569918535815 0.638219451735032 96.29184712937813 39.45448602530089 6.417190423593594e-8 0.0001572331257597396
29.0 0.00816601 sign 0.00039573806283388086 140173.68093859218 0.0038428869169311484 0.6382730663145461 96.3685391763414 39.49235893523542 7.468140966183681e-8 0.0001782366100664407
26.0 0.008136009999999999 sign 0.0004396655062364691 126666.56282199905 0.004270642754115423 0.6384575989790583 96.65997770335 39.6339962330795 8.301644237576942e-8 0.0001783369144555028
25.0 0.00812401 sign 0.0004565339506529149 122178.26527026753 0.004435083271538206 0.638528562267475 96.77758916170313 39.690759595763076 8.62534929928267e-8 0.000178445919521975
23.0 0.00809801 sign 0.0004945345114664861 113177.23453690497 0.004805425136062543 0.6386884412575996 97.03269631661468 39.814702208931436 9.372414861470524e-8 0.00017900465464693586
22.0 0.00808301 sign 0.0005159919075511863 108685.51337885275 0.005014710838489551 0.6387788226412058 97.18090579845206 39.88644659335076 9.777949782477943e-8 0.00017898573466581475
21.0 0.00806701 sign 0.0005394188968385419 104185.79624577142 0.005243177052065727 0.6388775171776614 97.33926336574815 39.96340879259914 1.0208014055727972e-7 0.00017874444121285222
19.0 0.008030009999999999 sign 0.000593278802363488 95193.84286895438 0.005768768812549133 0.6391046740200665 97.70806488524028 40.142471062947656 1.1228920751429759e-7 0.00017877468118460864
18.0 0.00800901 sign 0.0006244855778167899 90690.70789623939 0.006073334390210445 0.6392363781106288 97.9184935976327 40.24500360456352 1.1844142414863407e-7 0.0001791483764640892
17.0 0.007985009999999999 sign 0.0006591061741994174 86202.61523199364 0.0064115978328953445 0.6393827088011025 98.16098415336126 40.362563694559924 1.2454034966144773e-7 0.00017848131326944026
16.0 0.00795801 sign 0.0006977765131815604 81719.8283765436 0.006789702419736208 0.6395463473233607 98.43569592228071 40.495588963758884 1.320098305995389e-7 0.00017870446568180444
13.0 0.00785601 sign 0.0008470519060737208 68252.21065756396 0.0082503644860197 0.6401792632257916 99.48841401468304 41.00721505042723 1.603845576812306e-7 0.0001788643417092514
12.0 0.007811009999999999 sign 0.0009120381547770031 63778.28875017382 0.008887486409565364 0.6404556960708815 99.96208221847539 41.236927849007614 1.7276340668762065e-7 0.0001789460732195823
11.0 0.007759009999999999 sign 0.0009878874176568724 59302.43549059133 0.009631622699175337 0.6407788501504471 100.51575322791119 41.50588804861368 1.8753975129783303e-7 0.00017934235528160365
10.0 0.00769701 sign 0.0010774301735541106 54840.556763976296 0.010511504282234956 0.6411613414560698 101.18617598310388 41.83105657488196 2.047398915215252e-7 0.00017952599329304424
9.5 0.0076620099999999995 sign 0.0011286395163520846 52607.30013762386 0.011014975240071428 0.6413804032189526 101.56898109268666 42.01711987894069 2.1492538506591882e-7 0.00017991012602050933
9.0 0.0076230099999999995 sign 0.0011848888924712183 50382.806662546114 0.011568781718036774 0.6416215203403771 102.00016243062565 42.22622514658083 2.2582510619341837e-7 0.00018006471947721195
8.0 0.00753301 sign 0.001316243925682903 45932.21362650298 0.012863201930906757 0.6421857670408923 103.011130747487 42.71745183197229 2.5046398829635787e-7 0.00017979063049854485
7.5 0.00748001 sign 0.001393481634786539 43713.57855155403 0.013625586827874578 0.6425185304553056 103.61785784175557 43.0122085578538 2.6600206209206125e-7 0.00018036668755412496
7.0 0.0074200099999999995 sign 0.0014802863231650825 41504.06454610711 0.0144838355386743 0.6428935148634326 104.3155101906791 43.35077661384027 2.823167831264895e-7 0.00018021067631601606
6.5 0.00735201 sign 0.0015786335858217404 39301.04422984064 0.0154576821054444 0.6433195012726997 105.11986751857248 43.74113610109106 3.0084318276864724e-7 0.0001800809637478654
5.5 0.0071850099999999995 sign 0.0018206824019337013 34917.97458065998 0.017860869413456305 0.6443729857990513 107.15906562346214 44.73122105373926 3.484850514810059e-7 0.00018088683754200155
5.0 0.0070810099999999996 sign 0.00197199485040089 32741.49951575916 0.019367696339442957 0.6450351867598972 108.4768535639019 45.37149845397258 3.7608484067439715e-7 0.0001802465901507254
4.5 0.00695701 sign 0.0021504740988091027 30591.387622696122 0.021151596249222346 0.6458207575522308 110.10042221481415 46.1592444142394 4.114196037256799e-7 0.0001808321441835763
4.0 0.00680901 sign 0.002364809852191212 28459.5271129936 0.02330033672559679 0.64676938212441 112.11416539422959 47.137317740754 4.538610767093881e-7 0.00018142474139567707
3.5 0.006628009999999999 sign 0.002626704425242564 26362.68662100245 0.025937506220146147 0.6479371755225679 114.69835834284622 48.392594302530185 5.058690111348654e-7 0.000182076121942254
3.0 0.0064010099999999995 sign 0.002953775821630062 24322.25323068722 0.02925103090805255 0.6494099853937862 118.14514378035246 50.06646864208773 5.691892939107794e-7 0.0001822128244582013
2.5 0.00610901 sign 0.003374328609898077 22364.81787492001 0.0335441156709421 0.6513274040208457 122.9525523099123 52.401987453873524 6.525129245341525e-7 0.00018289400875620481
2.0 0.00571901 sign 0.003935295336160741 20553.95803888757 0.039332260980954985 0.6539290812903895 130.1331324272841 55.89203793336566 7.668455318551547e-7 0.00018435946066673592
1.5 0.005171009999999999 sign 0.004721569439286011 19037.771134919923 0.04757713393872121 0.6576679546016541 142.03865357391905 61.68245729004008 9.272874641049741e-7 0.00018589536942457187
1.0 0.0043420099999999994 sign 0.005903393619342569 18267.395847173597 0.06031351506057079 0.6635201759883271 165.71678653134524 73.20960892308251 1.1732880427491107e-6 0.0001882729462210906
0.9 0.00412301 sign 0.006216146823793916 18306.06861454364 0.0637571770173389 0.6651187154814738 173.5491129213113 77.02767139058821 1.2375214762207872e-6 0.00018863089831219613
0.85 0.00400401 sign 0.0063849704299693485 18371.44921756429 0.06563354263000445 0.6659925638687528 178.16268941644694 79.27653967014278 1.2791062117266847e-6 0.00018983811036164903
0.8 0.00387801 sign 0.006563077342940366 18474.602014361837 0.06762649258591956 0.6669229190070526 183.3546969506891 81.80751754057255 1.316281127573394e-6 0.00019007968979599973
0.75 0.0037450099999999996 sign 0.006752287769055025 18617.31187294709 0.06975296338888794 0.6679182642973366 189.21075950085202 84.66436229864648 1.3533962779402802e-6 0.00018998999660280077
0.7 0.00360401 sign 0.006953148392955171 18811.31200434366 0.0720245447410951 0.6689844970343192 195.8879098003048 87.92317988353503 1.4033937449360707e-6 0.00019134690720873886
0.65 0.00345401 sign 0.007166380313693314 19070.718786049274 0.07445515449117511 0.6701287174805489 203.5864836774733 91.68141971483637 1.4499980087505075e-6 0.000191850768243092
0.6 0.00329401 sign 0.007392952269807212 19413.01847817402 0.07706173380631699 0.6713595942129108 212.56733773273496 96.06640940509689 1.4993692659594598e-6 0.00019233852446039055
0.55 0.00312301 sign 0.0076341938242973206 19860.540766867278 0.07986524343732668 0.6726878898858041 223.1779927089684 101.24834015112151 1.5512321226155811e-6 0.00019274214593134427
0.5 0.00294001 sign 0.007891976512355394 20442.71389345413 0.0828921453831173 0.6741272462906448 235.89357356779254 107.46065218742696 1.6145979005722453e-6 0.00019410540749023966
0.45 0.00274401 sign 0.008169015805716029 21199.622935892818 0.08617670514911178 0.6756954089809204 251.38330210069913 115.03324298231797 1.6733925272313269e-6 0.00019439783850352097
0.4 0.00253301 sign 0.00846632172108989 22203.968178453386 0.08974860956201669 0.6774080222448375 270.72633885118995 124.49327122552694 1.7474483334219335e-6 0.00019592451306757165
0.35 0.0023050099999999997 sign 0.008785546196718402 23565.385309441044 0.09364639345268475 0.6792854463425048 295.59365683093984 136.65878382315708 1.8186108808130014e-6 0.00019655336905453127
0.3 0.00205801 sign 0.00912953181425246 25460.202614445418 0.09792209530285806 0.6813552652103145 328.7290666881557 152.87581405914756 1.9007658955353605e-6 0.00019775906466639947
0.25 0.0017900099999999999 sign 0.009503524117643984 28194.912549476947 0.10265028753437111 0.6836571593203703 374.99024964997596 175.5323924674155 1.9910756683312404e-6 0.00019907788724133165
0.2 0.00149801 sign 0.009912149912509542 32397.71672794992 0.1079157831691171 0.6862368963484052 444.183234227998 209.4440474738604 2.0920869190782336e-6 0.0002006390088272639
0.15 0.00117801 sign 0.0103586529889041 39553.26096463108 0.11381465578185353 0.6891471094310566 559.3207092472074 265.9057669467586 2.213447804250335e-6 0.00020322620261303102
0.1 0.00082601 sign 0.01085398727338502 54038.27870745938 0.12051187095581453 0.6924780761145632 788.8410963405358 378.5434371713055 2.3355782900831413e-6 0.0002047653387635013
0.095 0.00078801 sign 0.010896184887878111 56442.67524359878 0.12117551772777939 0.6928080190300159 825.8837761340246 396.68410474974587 2.357561949179772e-6 0.00020590946843708336
0.09 0.00075101 sign 0.01095628208732779 58926.57548279867 0.12194453841914352 0.6931938155460903 865.5277348482007 416.1756446500668 2.3641878591185578e-6 0.00020536434714659127
0.085 0.00071301 sign 0.011009237025254243 61794.06326211851 0.12268129669756861 0.6935625613246763 910.5347201027043 438.2681995813168 2.378217250255387e-6 0.00020560213233952713
0.08 0.0006740100000000001 sign 0.011053734696105337 65128.647951149665 0.1233785329615693 0.6939103442200096 962.0123307005371 463.4949087232443 2.3954366612953065e-6 0.00020627455549694843
0.075 0.00063601 sign 0.01111999650178646 68645.10257249541 0.12420349613559963 0.6943260341295464 1018.2096586267827 491.14248568934 2.4153731065890515e-6 0.00020675927720200803
0.07 0.00059601 sign 0.011161436503512832 73003.19996362603 0.1248986767990289 0.6946727491073212 1085.1408206898905 523.9321029493245 2.419100784002922e-6 0.00020632934916767247
0.065 0.00055701 sign 0.011227509485791277 77696.22259970446 0.12573819368593522 0.6950963328478388 1159.6149575097684 560.5540864711332 2.4455284246891328e-6 0.00020736442301183693
0.06 0.00051701 sign 0.011284549910962654 83322.13491048732 0.12653568667957604 0.6954976111313412 1247.6821496135224 603.8010792415176 2.456111423399822e-6 0.0002072224610679414
0.055 0.00047600999999999996 sign 0.011330133215112916 90166.95450966025 0.12727763577250745 0.695869288712543 1353.324922877417 655.6024303690666 2.4686485119575494e-6 0.00020746160703139212
0.05 0.00043501 sign 0.01138469983440174 98235.15830639192 0.1280779545430365 0.6962721455755224 1478.8612481305622 717.2211110927205 2.4901755015480806e-6 0.00020828330528121664
0.045 0.00039401 sign 0.011451239037250326 107885.39311435891 0.1289538275912045 0.6967154591107524 1630.4992376047157 791.7416702444117 2.5011689736302703e-6 0.00020799773512129676
0.04 0.00035201 sign 0.011504481304656701 120250.26614163855 0.12976438179546626 0.6971239034266029 1822.4807488826232 885.969756088416 2.520904776586749e-6 0.0002086861303785531
0.035 0.00031001 sign 0.01157277053853667 135811.76530635517 0.13066839613408965 0.6975824825478217 2066.4466934105076 1005.8547792331372 2.5411505608548753e-6 0.00020913173986495323
0.03 0.00026701 sign 0.01162401174315003 157053.19944090839 0.13148631291085952 0.6979949749010794 2395.7609516318967 1167.4856026365471 2.550099742147905e-6 0.00020896250218901456
0.025 0.00022401 sign 0.011695567295314036 186164.78362717637 0.13242809637330027 0.6984740364391905 2851.447453601543 1391.4026772828552 2.5708290929459885e-6 0.0002093829206593461
0.02 0.00018000999999999998 sign 0.011743337225428377 230816.61223639984 0.13324606701917419 0.6988866426758099 3543.135077567486 1730.896695618221 2.589923898234984e-6 0.00021010227053936415
0.015 0.00013601 sign 0.01182273930468323 303635.5634729116 0.1342527341623819 0.6994008571885715 4682.238863329182 2290.650473790931 2.6013556745411436e-6 0.0002096207431278655
0.01 9.100999999999998e-5 sign 0.011862739048148328 452387.0546323091 0.13504746087485434 0.699801004143915 6986.6208552521 3421.7775949103298 2.6230576284410708e-6 0.0002106837366704201
0.0095 8.701e-5 sign 0.011931372988620204 470734.1140317334 0.1354930651485199 0.7000384920084725 7306.570411596857 3580.8929758737427 2.6228191690261137e-6 0.00020942651057722505
0.009 8.201e-5 sign 0.011876049668576447 501526.1737337951 0.135237721003648 0.6998979127609894 7750.936741929208 3797.1309125335247 2.6282985500726974e-6 0.00021087113575779678
0.0085 7.801e-5 sign 0.011953520801991975 524166.8048648813 0.1357336025631278 0.7001625855056315 8146.961082103842 3994.1453746370908 2.6334477038847395e-6 0.00020988471227605706
0.008 7.301e-5 sign 0.01189267930448664 562640.1498157943 0.13544723135724965 0.7000052091287503 8703.673017541414 4265.142947177112 2.6274820225477475e-6 0.00021051243613588903
0.0075 6.900999999999999e-5 sign 0.011981560177669628 591278.5344746311 0.1360078795876748 0.7003049185961936 9206.527545644867 4515.409425310126 2.643762761742231e-6 0.00021021026216380497
0.007 6.400999999999999e-5 sign 0.011914049497609408 640712.6266165993 0.13568406226516364 0.7001272563988057 9924.301947458052 4864.956010178789 2.638272923018024e-6 0.00021099733558081274
0.0065 6.0009999999999996e-5 sign 0.01201820624953185 678090.1886610461 0.1363311993323429 0.7004737825084975 10583.871963947102 5193.399941811624 2.6462325917040084e-6 0.00020975783480306682
0.006 5.501e-5 sign 0.011942528284552192 743937.2679528005 0.13596163362375877 0.7002713135897038 11544.30056625227 5661.373010193748 2.6328450868642077e-6 0.00021005746904476712
0.0055 5.101e-5 sign 0.012068144731492888 794760.7547175396 0.13672989485845485 0.7006834568196673 12447.175429218718 6111.31196090255 2.6568555347826336e-6 0.00020971534143621965
0.005 4.601e-5 sign 0.01198237525112331 886797.1447383049 0.13630402944660075 0.7004504168665956 13798.009094642235 6770.0081043448645 2.6394938978480037e-6 0.00020987896855961837
0.0045 4.201e-5 sign 0.012140215967302288 959875.2282143813 0.13725345357493784 0.7009608085377977 15108.717027632432 7423.888967777753 2.6607517453315844e-6 0.00020875341060849704
0.004 3.701e-5 sign 0.01204210148313524 1.0975278918226797e6 0.13675921951625278 0.7006905557745209 17147.68624541628 8419.232687005653 2.647033002761079e-6 0.00020941713177195225
0.0035 3.301e-5 sign 0.012253331101008014 1.211445108850506e6 0.1380071440497521 0.7013630862153412 19221.270054412824 9455.419167955462 2.675873365866705e-6 0.00020796143266180224
0.003 2.801e-5 sign 0.01214153755169243 1.439499417334983e6 0.1374384403316104 0.7010520835842993 22649.617591860533 11131.97922920999 2.6690770931828065e-6 0.00020939699524607594
0.0025 2.301e-5 sign 0.011984757185207452 1.7728893665789263e6 0.13661131175096206 0.7006018788308065 27568.350482482725 13532.011823856994 2.6443520528376844e-6 0.00021024529625615371
0.002 1.901e-5 sign 0.01234002608406981 2.0903450092007054e6 0.1386718419727414 0.701714576214037 33359.93777923794 16426.826062625067 2.6960617983321945e-6 0.00020803443039521297
0.0015 1.401e-5 sign 0.012145478695258954 2.877130698044868e6 0.1376390398577461 0.7011517928352161 45261.452828357375 22251.4370862762 2.6706527157463375e-6 0.00020946469791083096
0.001 1.0009999999999999e-5 sign 0.012932525281492791 3.806391464082542e6 0.14206934699158716 0.7035588827350246 63320.42460801474 31343.58254576504 2.7637435963412836e-6 0.0002032469424831942430.0 0.008174009999999999 sign 0.0003829519033671792 144700.62382024655 0.0037185699185357983 0.6382194517350319 96.2918471293781 39.45448602530093 6.867461486798981e-8 0.00016884924812561413
